Threads: 1, Time: 20.669094
Threads: 1, Time: 20.941613
